10,134
10,229
10,181
10,198
10,274
10,33
10,299
11,10
11,23
11,30
11,15
11,27
11,9
8,18
8,10
58,4
58,3
58,2
58,1
58,0
57,5
57,4
57,3
57,2
57,1
57,0
56,5
56,4
56,3
56,2
56,1
56,0
46,3
46,2
46,1
46,0
45,5
45,4
45,3
45,2
45,1
45,0
42,5
42,4
42,3
42,2
42,1
42,0
40,5
40,4
40,3
40,2
40,1
40,0
26,3
26,1
20,3
20,2
20,1
19,3
19,2
19,1
18,3
18,1
14,4
12,3
12,2
12,1
11,25
14,1
11,21
14,5
11,19
11,16
14,3
11,14
11,13
13,1
11,7
13,3
11,6
11,5
11,3
11,2
11,1
10,303
10,249
10,186
10,163
10,160
10,126
10,95
10,71
10,12
10,3
10,2
10,1
9,7
9,6
9,5
9,4
9,3
9,2
9,1
8,14
8,13
8,8
